燃魔=15|5|100|0|5|0|5|5|5|5|0|0|0|0|0|0|0|0|5|0|0|0|0|0|0|0|0|0|0|0|你获得了神秘的力量，各项属性都得到了提高！
神佑=16|5|100|0|0|5|5|5|5|5|0|0|0|0|0|0|0|0|0|5|0|0|0|0|0|0|0|0|0|0|你获得了神秘的力量，各项属性都得到了提高！
血魂=17|5|200|0|5|0|5|5|5|5|0|0|0|0|0|0|0|5|0|0|0|0|0|0|0|0|0|0|0|0|你获得了神秘的力量，各项属性都得到了提高！
唤魔者=18|5|100|0|0|5|5|10|5|10|0|0|0|0|0|0|0|0|10|0|0|0|0|0|0|0|0|0|0|0|你获得了神秘的力量，各项属性都得到了提高！
天行者=19|5|100|0|0|5|5|10|5|10|0|0|0|0|0|0|0|0|0|10|0|0|0|0|0|0|0|0|0|0|你获得了神秘的力量，各项属性都得到了提高！
创造者=20|5|200|0|0|5|5|10|10|10|0|0|0|0|0|0|0|10|0|0|0|0|0|0|0|0|0|0|0|0|你获得了神秘的力量，各项属性都得到了提高！
沃玛族的智慧=21|3|20|0|1|0|2|2|2|2|0|0|2|2|0|0|0|0|0|0|0|0|0|0|0|0|0|0|0|0|你获得沃玛族的祝福，你的属性得到了全面的提升！
沃玛族的正义=22|3|0|0|1|1|2|2|2|2|0|0|0|0|2|2|0|0|0|0|0|0|0|0|0|0|0|0|0|0|你获得沃玛族的祝福，你的属性得到了全面的提升！
沃玛族的力量=23|3|50|0|1|0|2|2|2|2|2|2|0|0|0|0|0|0|0|0|0|0|0|0|0|0|0|0|0|0|你获得沃玛族的祝福，你的属性得到了全面的提升！
祖玛族的智慧=24|3|40|0|2|0|3|4|3|3|0|0|3|3|0|0|0|0|0|0|0|0|0|0|0|0|0|0|0|0|你获得祖玛族的祝福，你的属性得到了全面的提升！
祖玛族的正义=25|3|0|0|2|2|3|3|3|3|0|0|0|0|3|3|0|0|0|0|0|0|0|0|0|0|0|0|0|0|你获得祖玛族的祝福，你的属性得到了全面的提升！
祖玛族的力量=26|3|100|0|2|0|3|3|3|4|3|3|0|0|0|0|0|0|0|0|0|0|0|0|0|0|0|0|0|0|你获得祖玛族的祝福，你的属性得到了全面的提升！
赤月魔的睿智=27|4|60|0|3|0|4|4|4|5|0|0|4|4|0|0|0|0|0|0|0|0|0|0|0|0|0|0|0|0|你获得赤月魔的祝福，你的属性得到了全面的提升！
赤月魔的决断=28|4|0|0|3|3|4|4|4|4|0|0|0|0|4|4|0|0|0|0|0|0|0|0|0|0|0|0|0|0|你获得赤月魔的祝福，你的属性得到了全面的提升！
赤月魔的神勇=29|4|150|0|3|0|4|4|4|5|5|4|4|0|0|0|0|0|0|0|0|0|0|0|0|0|0|0|0|0|你获得赤月魔的祝福，你的属性得到了全面的提升！
喷涌火山=30|5|80|0|4|0|5|6|5|5|0|0|5|5|0|0|0|0|0|0|0|0|0|0|0|0|0|0|0|0|你获得了元素的力量，你的属性得到了全面的提升！
灵魂行者=31|5|0|0|4|4|5|5|5|5|0|0|0|0|5|5|0|0|0|0|0|0|0|0|0|0|0|0|0|0|你获得了元素的力量，你的属性得到了全面的提升！
无尽风暴=32|5|200|0|4|0|5|5|5|6|5|5|0|0|0|0|0|0|0|0|0|0|0|0|0|0|0|0|0|0|你获得了元素的力量，你的属性得到了全面的提升！
强化喷涌火山=33|5|100|0|5|0|6|7|6|6|0|0|6|6|0|0|0|0|0|0|0|0|0|0|0|0|0|0|0|0|你获得了元素的力量，你的属性得到了全面的提升！
强化灵魂行者=34|5|0|0|5|5|6|6|6|6|0|0|0|0|6|6|0|0|0|0|0|0|0|0|0|0|0|0|0|0|你获得了预言者的力量，你的属性得到了全面的提升！
强化无尽风暴=35|5|250|0|5|0|6|6|6|7|6|6|0|0|0|0|0|0|0|0|0|0|0|0|0|0|0|0|0|0|你获得了元素的力量，你的属性得到了全面的提升！
