1	火球术	0	1	1	0
1	治愈术	0	1	1	0
1	基本剑术	0	1	1	0
1	精神力战法	0	1	1	0
1	大火球	0	1	1	0
1	攻杀剑术	0	1	1	0
1	施毒术	0	1	1	0
1	抗拒火环	0	1	1	0
1	地狱火	0	1	1	0
1	雷电术	0	1	1	0
1	疾光电影	0	1	1	0
1	灵魂火符	0	1	1	0
1	幽灵盾	0	1	1	0
1	神圣战甲术	0	1	1	0
1	刺杀剑术	0	1	1	0
1	困魔咒	0	1	1	0
1	召唤骷髅	0	1	1	0
1	隐身术	0	1	1	0
1	集体隐身术	0	1	1	0
1	诱惑之光	0	1	1	0
1	瞬息移动	0	1	1	0
1	火墙	0	1	1	0
1	爆裂火焰	0	1	1	0
1	地狱雷光	0	1	1	0
1	半月弯刀	0	1	1	0
1	烈火剑法	0	1	1	0
1	野蛮冲撞	0	1	1	0
1	心灵启示	0	1	1	0
1	群体治疗术	0	1	1	0
1	召唤神兽	0	1	1	0
1	魔法盾	0	1	1	0
1	圣言术	0	1	1	0
1	冰咆哮	0	1	1	0
1	石化术	0	1	1	0
1	怒神霹雳	0	1	1	0
1	灭天火	0	1	1	0
1	强魔战法	0	1	1	0
1	妙影无踪	0	1	1	0
1	气功波	0	1	1	0
1	解毒术	0	1	1	0
1	无极真气	0	1	1	0
1	群体施毒术	0	1	1	0
1	飓风破	0	1	1	0
1	阴阳法环	0	1	1	0
1	逐日剑法	0	1	1	0
1	噬血术	0	1	1	0
1	流星火雨	0	1	1	0
1	破血狂杀	0	1	1	0
1	回生术	0	1	1	0
1	十方斩	0	1	1	0
1	护体神盾	0	1	1	0
1	铁布衫	0	1	1	0
1	凝血离魂	0	1	1	0
1	莲月剑法	0	1	1	0
5	XTTTT[	0	1	1	0
5	U杂货区域U	0	1	1	0
5	^TTTTa	0	1	1	0
1	修复油	0	1	1	0
1	战神油	0	1	1	0
1	回城卷	0	1	1	0
1	回城卷包	0	1	1	0
1	随机传送卷	0	1	1	0
1	地牢逃脱卷	0	1	1	0
1	行会回城卷	0	1	1	0
1	随机传送卷包	0	1	1	0
1	地牢逃脱卷包	0	1	1	0
1	行会回城卷包	0	1	1	0
2	护身符	0	1	1	0
2	护身符(大)	0	1	1	0
2	超级护身符	0	1	1	0
2	灰色药粉(少量)	0	1	1	0
2	黄色药粉(少量)	0	1	1	0
2	灰色药粉(中量)	0	1	1	0
2	黄色药粉(中量)	0	1	1	0
2	灰色药粉(大量)	0	1	1	0
2	黄色药粉(大量)	0	1	1	0
2	超级灰色药粉	0	1	1	0
2	超级黄色药粉	0	1	1	0
5	XTTTT[	0	1	1	0
5	U矿物区域U	0	1	1	0
5	^TTTTa	0	1	1	0
1	铜矿	0	1	1	0
1	铁矿	0	1	1	0
1	银矿	0	1	1	0
1	金矿	0	1	1	0
1	黑铁矿石	0	1	1	0
1	沃玛号角	0	1	1	0
1	恶魔头像	0	1	1	0
5	XTTTT[	0	1	1	0
5	U药水区域U	0	1	1	0
5	^TTTTa	0	1	1	0
2	轻微治疗药剂	0	1	1	0
2	轻型治疗药剂	0	1	1	0
2	治疗药剂	0	1	1	0
2	强力治疗药剂	0	1	1	0
2	超级治疗药剂	0	1	1	0
2	轻微法力药剂	0	1	1	0
2	轻型法力药剂	0	1	1	0
2	法力药剂	0	1	1	0
2	强力法力药剂	0	1	1	0
2	超级法力药剂	0	1	1	0
2	回复活力药剂	0	1	1	0
2	全面回复活力药剂	0	1	1	0
1	轻微治疗药包	0	1	1	0
1	轻型治疗药包	0	1	1	0
1	治疗药包	0	1	1	0
1	强力治疗药包	0	1	1	0
1	超级治疗药包	0	1	1	0
1	轻微法力药包	0	1	1	0
1	轻型法力药包	0	1	1	0
1	法力药包	0	1	1	0
1	强力法力药包	0	1	1	0
1	超级法力药包	0	1	1	0
1	回复活力药包	0	1	1	0
1	全面回复活力药包	0	1	1	0
1	超级祝福油	0	1	1	0
1	祝福油	0	1	1	0
5	XTTTT[	0	1	1	0
5	U金钱区域U	0	1	1	0
5	^TTTTa	0	1	1	0
1	金条	0	1	1	0
1	金砖	0	1	1	0
1	金盒	0	1	1	0
1	一万金币	0	1	1	0
1	三万金币	0	1	1	0
1	五万金币	0	1	1	0
1	十万金币	0	1	1	0
5	XTTTTTT[	0	1	1	0
5	U升级宝石区域U	0	1	1	0
5	^TTTTTTa	0	1	1	0
1	魔法石	0	1	1	0
1	道术石	0	1	1	0
1	攻击石	0	1	1	0
1	碎裂的红宝石	0	1	1	0
1	裂开的红宝石	0	1	1	0
1	红宝石	0	1	1	0
1	无瑕疵的红宝石	0	1	1	0
1	完美的红宝石	0	1	1	0
1	碎裂的蓝宝石	0	1	1	0
1	裂开的蓝宝石	0	1	1	0
1	蓝宝石	0	1	1	0
1	无瑕疵的蓝宝石	0	1	1	0
1	完美的蓝宝石	0	1	1	0
1	碎裂的绿宝石	0	1	1	0
1	裂开的绿宝石	0	1	1	0
1	绿宝石	0	1	1	0
1	无瑕疵的绿宝石	0	1	1	0
1	完美的绿宝石	0	1	1	0
1	碎裂的钻石	0	1	1	0
1	裂开的钻石	0	1	1	0
1	钻石	0	1	1	0
1	无瑕疵的钻石	0	1	1	0
1	完美的钻石	0	1	1	0
1	碎裂的黄宝石	0	1	1	0
1	裂开的黄宝石	0	1	1	0
1	黄宝石	0	1	1	0
1	无瑕疵的黄宝石	0	1	1	0
1	完美的黄宝石	0	1	1	0
1	碎裂的骷髅	0	1	1	0
1	裂开的骷髅	0	1	1	0
1	骷髅	0	1	1	0
1	无瑕疵的骷髅	0	1	1	0
1	完美的骷髅	0	1	1	0
5	XTT[	0	1	1	0
5	U腰带U	0	1	1	0
5	^TTa	0	1	1	0
7	帆布腰带	0	1	1	0
7	兽皮腰带	0	1	1	0
7	生铁腰带	0	1	1	0
7	青铜腰带	0	1	1	0
7	秘银腰带	0	1	1	0
7	鲨皮腰带	0	1	1	0
7	织网腰带	0	1	1	0
7	战场腰带	0	1	1	0
7	巨战腰带	0	1	1	0
5	XTT[	0	1	1	0
5	U鞋子U	0	1	1	0
5	^TTa	0	1	1	0
7	草鞋	0	1	1	0
7	皮鞋	0	1	1	0
7	五彩鞋	0	1	1	0
7	赤飞靴子	0	1	1	0
7	天掌靴子	0	1	1	0
7	黑皮靴子	0	1	1	0
7	绝地靴	0	1	1	0
7	月光鞋	0	1	1	0
7	仙云靴	0	1	1	0
7	武神之靴	0	1	1	0
5	XTTTT[	0	1	1	0
5	U衣服区域U	0	1	1	0
5	^TTTTa	0	1	1	0
3	布衣(男)	0	1	1	0
3	布衣(女)	0	1	1	0
3	轻型盔甲(男)	0	1	1	0
3	轻型盔甲(女)	0	1	1	0
3	中型盔甲(男)	0	1	1	0
3	中型盔甲(女)	0	1	1	0
3	重盔甲(男)	0	1	1	0
3	重盔甲(女)	0	1	1	0
3	战神盔甲(男)	0	1	1	0
3	战神盔甲(女)	0	1	1	0
3	龙鳞战甲(男)	0	1	1	0
3	龙鳞战甲(女)	0	1	1	0
3	勇霖银甲(男)	0	1	1	0
3	勇霖银甲(女)	0	1	1	0
3	魔法长袍(男)	0	1	1	0
3	魔法长袍(女)	0	1	1	0
3	恶魔长袍(男)	0	1	1	0
3	恶魔长袍(女)	0	1	1	0
3	袁灵法衣(男)	0	1	1	0
3	袁灵法衣(女)	0	1	1	0
3	明光咒衣(男)	0	1	1	0
3	明光咒衣(女)	0	1	1	0
3	灵魂战衣(男)	0	1	1	0
3	灵魂战衣(女)	0	1	1	0
3	幽灵战衣(男)	0	1	1	0
3	幽灵战衣(女)	0	1	1	0
3	天极道衣(男)	0	1	1	0
3	天极道衣(女)	0	1	1	0
3	赤贯道衣(男)	0	1	1	0
3	赤贯道衣(女)	0	1	1	0
5	XTTTTT[	0	1	1	0
5	U人形怪装备U	0	1	1	0
5	^TTTTTa	0	1	1	0
3	红色歌女长袍	0	1	1	0
3	橙色歌女长袍	0	1	1	0
3	黄色歌女长袍	0	1	1	0
3	蓝色歌女长袍	0	1	1	0
3	傀儡之衣1	0	1	1	0
3	傀儡之衣2	0	1	1	0
3	傀儡之衣3	0	1	1	0
3	修女长袍	0	1	1	0
3	撒卡兰姆战甲(男)	0	1	1	0
3	撒卡兰姆战甲(女)	0	1	1	0
3	撒卡兰姆法衣(男)	0	1	1	0
3	撒卡兰姆法衣(女)	0	1	1	0
3	撒卡兰姆长袍(男)	0	1	1	0
3	撒卡兰姆长袍(女)	0	1	1	0
3	狂战士战甲(男)	0	1	1	0
3	狂战士战甲(女)	0	1	1	0
3	领唱者法衣(男)	0	1	1	0
3	领唱者法衣(女)	0	1	1	0
3	祭司长袍(男)	0	1	1	0
3	祭司长袍(女)	0	1	1	0
3	议员之袍(男)	0	1	1	0
3	议员之袍(女)	0	1	1	0
5	XTTTT[	0	1	1	0
5	U宝箱区域U	0	1	1	0
5	^TTTTa	0	1	1	0
1	普通宝箱	0	1	1	0
1	魔法宝箱	0	1	1	0
1	杰出宝箱	0	1	1	0
1	暗金宝箱	0	1	1	0
1	普通钥匙	0	1	1	0
1	魔法钥匙	0	1	1	0
1	杰出钥匙	0	1	1	0
1	暗金钥匙	0	1	1	0
5	XTTTT[	0	1	1	0
5	U任务物品U	0	1	1	0
5	^TTTTa	0	1	1	0
1	封印之书	0	1	1	0
1	马勒斯铁锤	0	1	1	0
1	赫拉迪克方块	0	1	1	0
1	赫拉迪克卷轴	0	1	1	0
1	腹蛇护符	0	1	1	0
1	王者之杖	0	1	1	0
1	赫拉迪克之杖	0	1	1	0
1	赫拉森的日记	0	1	1	0
1	记忆碎片	0	1	1	0
1	烈焰之心	0	1	1	0
1	赫拉铁力的信	0	1	1	0
1	淬火的烈焰之心	0	1	1	0
1	灌魔神水	0	1	1	0
1	老牛的裤叉	0	1	1	0
1	芭蕉扇	0	1	1	0
1	死神镰刀	0	1	1	0
1	炼狱碎片	0	1	1	0
1	萝格营地密函	0	1	1	0
1	鲁.高因密函	0	1	1	0
1	火龙神之心	0	1	1	0
1	玉制小人	0	1	1	0
1	黄金雕象	0	1	1	0
1	吉得宾	0	1	1	0
1	克林姆的大脑	0	1	1	0
1	克林姆的眼睛	0	1	1	0
1	克林姆的心脏	0	1	1	0
1	蓝.依森的古书	0	1	1	0
1	克林姆的连枷	0	1	1	0
1	克林姆的意志	0	1	1	0
1	黑暗圣器	0	1	1	0
1	光明圣器	0	1	1	0
1	极魔之能	0	1	1	0
1	极邪之能	0	1	1	0
1	魔灵牌	0	1	1	0
1	连环明珠	0	1	1	0
1	霸王教主雕像	0	1	1	0
1	航海日志	0	1	1	0
1	遗骸	0	1	1	0
1	灵魂之石	0	1	1	0
7	乌铁勋章	0	1	1	0
7	屠龙勋章	0	1	1	0
1	生命药剂	0	1	1	0
1	黑皮书上卷	0	1	1	0
1	黑皮书下卷	0	1	1	0
1	灌魔之能	0	1	1	0
1	兽人肉块	0	1	1	0
1	海法斯特铁锤	0	1	1	0
1	彩票	0	1	1	0
1	灵魂石碎片	0	1	1	0
1	钢铁之心	0	1	1	0
2	修复神水	0	1	1	0
1	神圣护身符	0	1	1	0
1	灵魂护身符	0	1	1	0
5	泰瑞尔的祝福	0	1	1	0
1	特殊药水	0	1	1	0
1	筹码	0	1	1	0
1	筹码包	0	1	1	0
1	骸骨	0	1	1	0
1	僵尸骨头	0	1	1	0
1	号角	0	1	1	0
1	牙齿	0	1	1	0
1	皇家徽章	0	1	1	0
1	血色印记	0	1	1	0
1	粗布	0	1	1	0
1	虫卵	0	1	1	0
1	毒蛇胆汁	0	1	1	0
1	遗物	0	1	1	0
1	宝玉	0	1	1	0
1	思念珍珠	0	1	1	0
1	跳蚤皮	0	1	1	0
1	蜘蛛线	0	1	1	0
1	神灵雕像	0	1	1	0
1	献祭石像	0	1	1	0
1	旧缆绳	0	1	1	0
1	灼热之核	0	1	1	0
1	粗皮革	0	1	1	0
1	魔石碎片	0	1	1	0
1	血石碎片	0	1	1	0
1	灵魂碎片	0	1	1	0
1	震天魔印	0	1	1	0
1	魔晶石	0	1	1	0
1	厚皮	0	1	1	0
1	水晶球	0	1	1	0
1	潘夜珠	0	1	1	0
1	恶魔连枷	0	1	1	0
1	回生神水	0	1	1	0
2	神水	0	1	1	0
4	干草叉	0	1	1	0
4	舞女扇子	0	1	1	0
4	天之炼狱	0	1	1	0
4	天之魔杖	0	1	1	0
4	天之银蛇	0	1	1	0
4	天之嗜魂	0	1	1	0
4	天之裁决	0	1	1	0
4	天之骨玉	0	1	1	0
4	天之无极	0	1	1	0
4	天之屠龙	0	1	1	0
4	天之开天	0	1	1	0
1	世界之石碎片	0	1	1	0
1	钢玉石	0	1	1	0
1	飓风破(一重)	0	1	1	0
1	飓风破(二重)	0	1	1	0
1	飓风破(三重)	0	1	1	0
1	冰咆哮(一重)	0	1	1	0
1	冰咆哮(二重)	0	1	1	0
1	冰咆哮(三重)	0	1	1	0
1	灭天火(一重)	0	1	1	0
1	灭天火(二重)	0	1	1	0
1	灭天火(三重)	0	1	1	0
1	流星火雨(一重)	0	1	1	0
1	流星火雨(二重)	0	1	1	0
1	流星火雨(三重)	0	1	1	0
5	XTTTTTT[	0	1	1	0
5	U双倍经验卷轴U	0	1	1	0
5	^TTTTTTa	0	1	1	0
1	一小时2倍卷轴	0	1	1	0
1	二小时2倍卷轴	0	1	1	0
1	三小时2倍卷轴	0	1	1	0
1	四小时2倍卷轴	0	1	1	0
1	一小时3倍卷轴	0	1	1	0
1	二小时3倍卷轴	0	1	1	0
1	三小时3倍卷轴	0	1	1	0
1	四小时3倍卷轴	0	1	1	0
5	XTTTT[	0	1	1	0
5	U符文区域U	0	1	1	0
5	^TTTTa	0	1	1	0
1	艾尔(El)	0	1	1	0
1	艾德(Eld)	0	1	1	0
1	特尔(Tir)	0	1	1	0
1	那夫(Nef)	0	1	1	0
1	爱斯(Eth)	0	1	1	0
1	伊司(Ith)	0	1	1	0
1	塔尔(Tal)	0	1	1	0
1	拉尔(Ral)	0	1	1	0
1	欧特(Ort)	0	1	1	0
1	书尔(Thul)	0	1	1	0
1	安姆(Amn)	0	1	1	0
1	索尔(Sol)	0	1	1	0
1	夏(Shael)	0	1	1	0
1	多尔(Dol)	0	1	1	0
1	海尔(Hel)	0	1	1	0
1	破(Io)	0	1	1	0
1	卢姆(Lum)	0	1	1	0
1	科(Ko)	0	1	1	0
1	法尔(Fal)	0	1	1	0
1	蓝姆(Lem)	0	1	1	0
1	普尔(Pul)	0	1	1	0
1	乌姆(Um)	0	1	1	0
1	马尔(Mal)	0	1	1	0
1	伊司特(Ist)	0	1	1	0
1	古尔(Gul)	0	1	1	0
1	伐克斯(Vex)	0	1	1	0
1	欧姆(Ohm)	0	1	1	0
1	罗(Lo)	0	1	1	0
1	瑟(Sur)	0	1	1	0
1	贝(Ber)	0	1	1	0
1	乔(Jah)	0	1	1	0
1	查姆(Cham)	0	1	1	0
1	萨德(Zod)	0	1	1	0
5	XTTTT[	0	1	1	0
5	U新手区域U	0	1	1	0
5	^TTTTa	0	1	1	0
1	新手礼包(10级)	0	1	1	0
1	新手礼包(15级)	0	1	1	0
1	新手礼包(22级)	0	1	1	0
1	新手礼包(30级)	0	1	1	0
1	新手礼包(35级)	0	1	1	0
1	五小时5倍卷轴	0	1	1	0
2	随机传送石	0	1	1	0
1	千里传音(大)	0	1	1	0
1	千里传音(小)	0	1	1	0
5	XTTTT[	0	1	1	0
5	U武器区域U	0	1	1	0
5	^TTTTa	0	1	1	0
4	鹤嘴锄	0	1	1	0
4	风之鹤嘴锄	0	1	1	0
4	木剑	0	1	1	0
4	匕首	0	1	1	0
4	乌木剑	0	1	1	0
4	斩马刀	0	1	1	0
4	海魂	0	1	1	0
4	半月	0	1	1	0
4	修罗	0	1	1	0
4	沃玛修罗	0	1	1	0
4	祖玛修罗	0	1	1	0
4	诺玛修罗	0	1	1	0
4	偃月	0	1	1	0
4	沃玛偃月	0	1	1	0
4	祖玛偃月	0	1	1	0
4	诺玛偃月	0	1	1	0
4	降魔	0	1	1	0
4	沃玛降魔	0	1	1	0
4	祖玛降魔	0	1	1	0
4	诺玛降魔	0	1	1	0
4	炼狱	0	1	1	0
4	沃玛炼狱	0	1	1	0
4	祖玛炼狱	0	1	1	0
4	诺玛炼狱	0	1	1	0
4	炸铜炼狱	0	1	1	0
4	魔杖	0	1	1	0
4	沃玛魔杖	0	1	1	0
4	祖玛魔杖	0	1	1	0
4	诺玛魔杖	0	1	1	0
4	星光魔杖	0	1	1	0
4	银蛇	0	1	1	0
4	沃玛银蛇	0	1	1	0
4	祖玛银蛇	0	1	1	0
4	诺玛银蛇	0	1	1	0
4	诅咒银蛇	0	1	1	0
4	命运之刃	0	1	1	0
4	沃玛命运之刃	0	1	1	0
4	祖玛命运之刃	0	1	1	0
4	诺玛命运之刃	0	1	1	0
4	守护命运之刃	0	1	1	0
4	祈福之刃	0	1	1	0
4	沃玛祈福之刃	0	1	1	0
4	祖玛祈福之刃	0	1	1	0
4	诺玛祈福之刃	0	1	1	0
4	心灵祈福之刃	0	1	1	0
4	元素之刃	0	1	1	0
4	沃玛元素之刃	0	1	1	0
4	祖玛元素之刃	0	1	1	0
4	诺玛元素之刃	0	1	1	0
4	自然元素之刃	0	1	1	0
4	井中月	0	1	1	0
4	沃玛井中月	0	1	1	0
4	祖玛井中月	0	1	1	0
4	诺玛井中月	0	1	1	0
4	潘夜井中月	0	1	1	0
4	骨玉权杖	0	1	1	0
4	沃玛骨玉权杖	0	1	1	0
4	祖玛骨玉权杖	0	1	1	0
4	诺玛骨玉权杖	0	1	1	0
4	潘夜骨玉权杖	0	1	1	0
4	无极棍	0	1	1	0
4	沃玛无极棍	0	1	1	0
4	祖玛无极棍	0	1	1	0
4	诺玛无极棍	0	1	1	0
4	潘夜无极棍	0	1	1	0
4	裁决之杖	0	1	1	0
4	沃玛裁决之杖	0	1	1	0
4	祖玛裁决之杖	0	1	1	0
4	诺玛裁决之杖	0	1	1	0
4	潘夜裁决之杖	0	1	1	0
4	血饮	0	1	1	0
4	沃玛血饮	0	1	1	0
4	祖玛血饮	0	1	1	0
4	诺玛血饮	0	1	1	0
4	潘夜血饮	0	1	1	0
4	龙纹剑	0	1	1	0
4	沃玛龙纹剑	0	1	1	0
4	祖玛龙纹剑	0	1	1	0
4	诺玛龙纹剑	0	1	1	0
4	潘夜龙纹剑	0	1	1	0
4	屠夫	0	1	1	0
4	龙爪法杖	0	1	1	0
4	无名刀	0	1	1	0
4	旋风流星刀	0	1	1	0
4	飞魂魔刃	0	1	1	0
4	封魔剑	0	1	1	0
4	霹雷	0	1	1	0
4	游龙	0	1	1	0
4	铁轮	0	1	1	0
4	血煞	0	1	1	0
4	逍遥扇	0	1	1	0
4	清风	0	1	1	0
4	屠龙	0	1	1	0
4	嗜魂法杖	0	1	1	0
4	碎梦	0	1	1	0
4	破山剑	0	1	1	0
4	天神法杖	0	1	1	0
4	恐惧之刃	0	1	1	0
4	飞龙剑(力量)	0	1	1	0
4	飞龙剑(自然)	0	1	1	0
4	飞龙剑(灵魂)	0	1	1	0
4	幻寂之刃	0	1	1	0
4	影魅之刃	0	1	1	0
4	邪恶力量巨剑	0	1	1	0
4	咒逐法杖	0	1	1	0
4	恶魔剑	0	1	1	0
4	轮回	0	1	1	0
4	嗜魂法杖1	0	1	1	0
4	嗜魂法杖2	0	1	1	0
4	嗜魂法杖3	0	1	1	0
4	嗜魂法杖4	0	1	1	0
4	叉子1	0	1	1	0
4	叉子2	0	1	1	0
4	叉子3	0	1	1	0
4	叉子4	0	1	1	0
4	秘密武器	0	1	1	0
5	XTTT[	0	1	1	0
5	U饰物区U	0	1	1	0
5	^TTTa	0	1	1	0
5	古铜戒指	0	1	1	0
5	金项链	0	1	1	0
5	铁手镯	0	1	1	0
5	玻璃戒指	0	1	1	0
5	牛角戒指	0	1	1	0
5	蓝色水晶戒指	0	1	1	0
5	六角戒指	0	1	1	0
5	黑檀项链	0	1	1	0
5	黄色水晶项链	0	1	1	0
5	黑色水晶项链	0	1	1	0
5	皮制手套	0	1	1	0
5	坚固手套	0	1	1	0
5	钢手镯	0	1	1	0
5	生铁戒指	0	1	1	0
5	金戒指	0	1	1	0
5	灯笼项链	0	1	1	0
5	白色虎齿项链	0	1	1	0
5	魅力戒指	0	1	1	0
5	道德戒指	0	1	1	0
5	白金项链	0	1	1	0
5	降妖除魔戒指	0	1	1	0
5	躲避手链	0	1	1	0
5	传统项链	0	1	1	0
5	小手镯	0	1	1	0
5	银手镯	0	1	1	0
5	大手镯	0	1	1	0
5	黑色水晶戒指	0	1	1	0
5	魔鬼项链	0	1	1	0
5	珊瑚戒指	0	1	1	0
5	蓝翡翠项链	0	1	1	0
5	蛇眼戒指	0	1	1	0
5	琥珀项链	0	1	1	0
5	放大镜	0	1	1	0
5	珍珠戒指	0	1	1	0
5	竹笛	0	1	1	0
5	骷髅戒指	0	1	1	0
5	死神手套	0	1	1	0
5	魔法手镯	0	1	1	0
5	金手镯	0	1	1	0
5	凤凰明珠	0	1	1	0
5	道士手镯	0	1	1	0
5	黑檀手镯	0	1	1	0
5	莲花宝镜	0	1	1	0
5	荣耀项链	0	1	1	0
5	愤怒之钟	0	1	1	0
5	银镜项链	0	1	1	0
5	震天项链	0	1	1	0
5	勇士项链	0	1	1	0
5	天珠项链	0	1	1	0
5	幽灵项链	0	1	1	0
5	生命项链	0	1	1	0
5	思贝儿手镯	0	1	1	0
5	心灵手镯	0	1	1	0
5	幽灵手套	0	1	1	0
5	红宝石戒指	0	1	1	0
5	铂金戒指	0	1	1	0
5	龙之戒指	0	1	1	0
5	骑士手镯	0	1	1	0
5	绿色项链	0	1	1	0
5	三眼手镯	0	1	1	0
5	灵魂项链	0	1	1	0
5	恶魔铃铛	0	1	1	0
5	力量戒指	0	1	1	0
5	紫碧螺	0	1	1	0
5	泰坦戒指	0	1	1	0
5	龙之手镯	0	1	1	0
5	圣战项链	0	1	1	0
5	圣战手镯	0	1	1	0
5	圣战戒指	0	1	1	0
5	法神项链	0	1	1	0
5	法神手镯	0	1	1	0
5	法神戒指	0	1	1	0
5	天尊项链	0	1	1	0
5	天尊手镯	0	1	1	0
5	天尊戒指	0	1	1	0
5	雷霆项链	0	1	1	0
5	雷霆护腕	0	1	1	0
5	雷霆战戒	0	1	1	0
5	光芒项链	0	1	1	0
5	光芒护腕	0	1	1	0
5	光芒道戒	0	1	1	0
5	烈焰项链	0	1	1	0
5	烈焰护腕	0	1	1	0
5	烈焰魔戒	0	1	1	0
5	破坏项链	0	1	1	0
5	六棱戒	0	1	1	0
5	神谕项链	0	1	1	0
5	心魔戒指	0	1	1	0
5	怨恨项链	0	1	1	0
5	虚空道环	0	1	1	0
5	毁灭项链	0	1	1	0
5	火玉手镯	0	1	1	0
5	武圣之戒	0	1	1	0
5	乾坤一气	0	1	1	0
5	如来手镯	0	1	1	0
5	天机戒指	0	1	1	0
5	昏暗封印	0	1	1	0
5	毁灭手镯	0	1	1	0
5	七彩金环	0	1	1	0
5	破荒项链	0	1	1	0
5	金棱手镯	0	1	1	0
5	师承戒指	0	1	1	0
5	定心项链	0	1	1	0
5	世尊手镯	0	1	1	0
5	青云戒指	0	1	1	0
5	魔云项链	0	1	1	0
5	思过手镯	0	1	1	0
5	龙马戒指	0	1	1	0
5	狂战项链	0	1	1	0
5	狂战手镯	0	1	1	0
5	狂战戒指	0	1	1	0
5	仁者项链	0	1	1	0
5	仁者手镯	0	1	1	0
5	仁者戒指	0	1	1	0
5	焰魔项链	0	1	1	0
5	焰魔手镯	0	1	1	0
5	焰魔戒指	0	1	1	0
5	XTTTTTT[	0	1	1	0
5	U法师专用套装U	0	1	1	0
5	^TTTTTTa	0	1	1	0
5	魔血戒指	0	1	1	0
5	魔血手镯	0	1	1	0
5	魔血项链	0	1	1	0
5	XTTTTTT[	0	1	1	0
5	U战士专用套装U	0	1	1	0
5	^TTTTTTa	0	1	1	0
5	虹魔戒指	0	1	1	0
5	虹魔手镯	0	1	1	0
5	虹魔项链	0	1	1	0
5	XTTTTTT[	0	1	1	0
5	U道士专用套装U	0	1	1	0
5	^TTTTTTa	0	1	1	0
5	金刚铃铛	0	1	1	0
5	金刚手镯	0	1	1	0
5	金刚指环	0	1	1	0
5	XTTTT[	0	1	1	0
5	U公用套装U	0	1	1	0
5	^TTTTa	0	1	1	0
5	神勇之物	0	1	1	0
5	正义之物	0	1	1	0
5	智慧之物	0	1	1	0
5	节制之物	0	1	1	0
5	决断之物	0	1	1	0
5	XTTTT[	0	1	1	0
5	U字体项链U	0	1	1	0
5	^TTTTa	0	1	1	0
5	九宫云雾	0	1	1	0
5	万里碧海	0	1	1	0
5	血花落照	0	1	1	0
5	黑天暗云	0	1	1	0
1	九宫云雾(九)	0	1	1	0
1	九宫云雾(宫)	0	1	1	0
1	九宫云雾(云)	0	1	1	0
1	九宫云雾(雾)	0	1	1	0
1	万里碧海(万)	0	1	1	0
1	万里碧海(里)	0	1	1	0
1	万里碧海(碧)	0	1	1	0
1	万里碧海(海)	0	1	1	0
1	血花落照(血)	0	1	1	0
1	血花落照(花)	0	1	1	0
1	血花落照(落)	0	1	1	0
1	血花落照(照)	0	1	1	0
1	黑天暗云(黑)	0	1	1	0
1	黑天暗云(天)	0	1	1	0
1	黑天暗云(暗)	0	1	1	0
1	黑天暗云(云)	0	1	1	0
5	XTTTTT[	0	1	1	0
5	U特殊物品区U	0	1	1	0
5	^TTTTTa	0	1	1	0
5	记忆戒指	0	1	1	0
5	记忆项链	0	1	1	0
5	记忆手镯	0	1	1	0
7	记忆头盔	0	1	1	0
4	祈祷之刃	0	1	1	0
5	祈祷手镯	0	1	1	0
5	祈祷项链	0	1	1	0
5	祈祷戒指	0	1	1	0
7	祈祷头盔	0	1	1	0
5	隐身戒指	0	1	1	0
5	传送戒指	0	1	1	0
5	麻痹戒指	0	1	1	0
5	复活戒指	0	1	1	0
5	防御戒指	0	1	1	0
5	求婚戒指	0	1	1	0
5	护身戒指	0	1	1	0
7	GM腰带	0	1	1	0
5	XTTTT[	0	1	1	0
5	U各种防具U	0	1	1	0
5	^TTTTa	0	1	1	0
5	阎罗手套	0	1	1	0
5	黑皮手套	0	1	1	0
5	魔令手镯	0	1	1	0
5	英雄手套	0	1	1	0
7	青铜头盔	0	1	1	0
7	魔法头盔	0	1	1	0
7	道士头盔	0	1	1	0
7	骷髅头盔	0	1	1	0
7	斗笠	0	1	1	0
7	天藤头盔	0	1	1	0
7	行者帽	0	1	1	0
7	霸龙头盔	0	1	1	0
7	黑铁头盔	0	1	1	0
7	虎面头盔	0	1	1	0
7	战神头盔	0	1	1	0
5	XTTTT[	0	1	1	0
5	U暗金物品U	0	1	1	0
5	^TTTTa	0	1	1	0
5	闪耀魔铁手套	0	1	1	0
5	神圣复仇者手套	0	1	1	0
5	元素魔皮手套	0	1	1	0
5	闪耀钢化手套	0	1	1	0
5	神圣骸骨手套	0	1	1	0
5	元素鲨皮手套	0	1	1	0
5	闪耀血铸手套	0	1	1	0
5	神圣十字军手套	0	1	1	0
5	元素龙鳞手套	0	1	1	0
5	拿各的戒指	0	1	1	0
5	玛那得的治疗	0	1	1	0
5	乔丹之石	0	1	1	0
5	布尔凯索之戒	0	1	1	0
5	乌鸦之霜	0	1	1	0
5	矮人之星	0	1	1	0
5	腐肉之风	0	1	1	0
5	鬼火投射者	0	1	1	0
5	大自然的和平	0	1	1	0
7	钢化头盔	0	1	1	0
7	魔皮头盔	0	1	1	0
7	图腾面具	0	1	1	0
7	大地之灵	0	1	1	0
7	飞鹰头盔	0	1	1	0
7	暴怒面甲	0	1	1	0
7	骸骨面罩	0	1	1	0
7	死亡面具	0	1	1	0
7	勇气护符	0	1	1	0
7	平衡护符	0	1	1	0
7	洞察护符	0	1	1	0
7	狂热护符	0	1	1	0
7	暗影护符	0	1	1	0
7	迅捷护符	0	1	1	0
7	致命护符	0	1	1	0
7	预言护符	0	1	1	0
7	睿智护符	0	1	1	0
5	XTTTTTT[	0	1	1	0
5	U特殊药水区域U	0	1	1	0
5	^TTTTTTa	0	1	1	0
1	攻击神水(小)	0	1	1	0
1	自然神水(小)	0	1	1	0
1	灵魂神水(小)	0	1	1	0
1	体力强效神水(小)	0	1	1	0
1	魔法强效神水(小)	0	1	1	0
1	攻击神水(中)	0	1	1	0
1	自然神水(中)	0	1	1	0
1	灵魂神水(中)	0	1	1	0
1	体力强效神水(中)	0	1	1	0
1	魔法强效神水(中)	0	1	1	0
1	攻击神水(大)	0	1	1	0
1	自然神水(大)	0	1	1	0
1	灵魂神水(大)	0	1	1	0
1	体力强效神水(大)	0	1	1	0
1	魔法强效神水(大)	0	1	1	0
1	攻击神水(特)	0	1	1	0
1	自然神水(特)	0	1	1	0
1	灵魂神水(特)	0	1	1	0
1	体力强效神水(特)	0	1	1	0
1	魔法强效神水(特)	0	1	1	0
5	XTTTTT[	0	1	1	0
5	U飞龙剑任务U	0	1	1	0
5	^TTTTTa	0	1	1	0
1	残破的剑柄	0	1	1	0
1	劲韧鹿肉	0	1	1	0
1	劲韧鸡肉	0	1	1	0
1	千年毒蛇胆	0	1	1	0
1	迷窟地图	0	1	1	0
1	列焰之心	0	1	1	0
7	祝福护符	0	1	1	0
1	龙血的箱子	0	1	1	0
1	魔树汁	0	1	1	0
1	回魂丹	0	1	1	0
1	炸药包	0	1	1	0
1	虚灵精华	0	1	1	0
1	被诅咒的灵魂碎片	0	1	1	0
1	龙吟的箱子	0	1	1	0
1	山克的战盔	0	1	1	0
1	龙魄将军密函	0	1	1	0
2	冰冻符文	0	1	1	0
1	冰霜之油	0	1	1	0
7	寒冰护符	0	1	1	0
1	冰冷之心	0	1	1	0
1	龙魄的箱子	0	1	1	0
1	飞龙剑碎片(力量)	0	1	1	0
1	飞龙剑碎片(灵魂)	0	1	1	0
1	飞龙剑碎片(自然)	0	1	1	0
1	金币	0	1	1	0
1	暗殿门票	1	1	1	0
1	魔血石	1	1	1	0
1	传送符	1	1	1	0
1	回城石	0	1	1	0
1	暗黑破坏神	1	1	1	0
