0	回城石	1024	10000|1	380	1	回城石|
0	随机传送石	1025	10000|1	380	1	随机传送石|
0	修复神水	120	100000|1	380	1	修复神水|
0	四小时3倍卷轴	989	200000|1	380	1	四小时3倍卷轴|
0	超级护身符	270	2000|1	380	1	超级护身符|
0	超级灰色药粉	251	5000|1	380	1	超级灰色药粉|
0	超级黄色药粉	250	5000|1	380	1	超级黄色药粉|
0	祝福油	26	5000|1	380	1	祝福油|
0	超级治疗药包	10152	5000|1	380	1	超级治疗药包|
0	超级法力药包	10154	5000|1	380	1	超级法力药包|
2	铜矿	286	2000|1	380	1	铜矿|
2	铁矿	281	3000|1	380	1	铁矿|
2	银矿	285	4000|1	380	1	银矿|
2	金矿	280	5000|1	380	1	金矿|
2	黑铁矿石	284	6000|1	380	1	黑铁矿石|
2	钢玉石	530	30000|1	380	1	钢玉石|
5	魔血石	1026	200000|1	380	1	魔血石|
5	全面回复活力药包	10158	6000|1	380	1	全面回复活力药包|
5	灵魂护身符	10411	20000|1	380	1	灵魂护身符|
5	传送符	2794	200000|1	380	1	传送符|
5	心灵召唤	1144	200000|1	380	1	心灵召唤|
